6 9 9 9
28 395 386 377
50 1464 1069 683
72 3186 1722 653
94 5556 2370 648
116 8574 3018 648
138 12240 3666 648
160 16554 4314 648
182 21516 4962 648
204 27126 5610 648
226 33384 6258 648
248 40290 6906 648
270 47844 7554 648
292 56046 8202 648
314 64896 8850 648
336 74394 9498 648
358 84540 10146 648
380 95334 10794 648
402 106776 11442 648
424 118866 12090 648
446 131604 12738 648
468 144990 13386 648
490 159024 14034 648
512 173706 14682 648
534 189036 15330 648
556 205014 15978 648
578 221640 16626 648
600 238914 17274 648
622 256836 17922 648
644 275406 18570 648
666 294624 19218 648
688 314490 19866 648
710 335004 20514 648
732 356166 21162 648
754 377976 21810 648
776 400434 22458 648
798 423540 23106 648
820 447294 23754 648
842 471696 24402 648
864 496746 25050 648
886 522444 25698 648
908 548790 26346 648
930 575784 26994 648
952 603426 27642 648
974 631716 28290 648
996 660654 28938 648
1018 690240 29586 648
1040 720474 30234 648
1062 751356 30882 648
1084 782886 31530 648
1106 815064 32178 648
1128 847890 32826 648
1150 881364 33474 648
1172 915486 34122 648
1194 950256 34770 648
1216 985674 35418 648
1238 1021740 36066 648
1260 1058454 36714 648
1282 1095816 37362 648
1304 1133826 38010 648
1326 1172484 38658 648
1348 1211790 39306 648
1370 1251744 39954 648
1392 1292346 40602 648
1414 1333596 41250 648
1436 1375494 41898 648
1458 1418040 42546 648
1480 1461234 43194 648
1502 1505076 43842 648
1524 1549566 44490 648
1546 1594704 45138 648
1568 1640490 45786 648
1590 1686924 46434 648
1612 1734006 47082 648
1634 1781736 47730 648
1656 1830114 48378 648
1678 1879140 49026 648
1700 1928814 49674 648
1722 1979136 50322 648
1744 2030106 50970 648
1766 2081724 51618 648
1788 2133990 52266 648
1810 2186904 52914 648
1832 2240466 53562 648
1854 2294676 54210 648
1876 2349534 54858 648
1898 2405040 55506 648
1920 2461194 56154 648
1942 2517996 56802 648
1964 2575446 57450 648
1986 2633544 58098 648
2008 2692290 58746 648
2030 2751684 59394 648
2052 2811726 60042 648
2074 2872416 60690 648
2096 2933754 61338 648
2118 2995740 61986 648
2140 3058374 62634 648
2162 3121656 63282 648
2184 3185586 63930 648
2206 3250164 64578 648
2228 3315390 65226 648
2250 3381264 65874 648
2272 3447786 66522 648
2294 3514956 67170 648
2316 3582774 67818 648
2338 3651240 68466 648
2360 3720354 69114 648
2382 3790116 69762 648
2404 3860526 70410 648
2426 3931584 71058 648
2448 4003290 71706 648
2470 4075644 72354 648
2492 4148646 73002 648
2514 4222296 73650 648
2536 4296594 74298 648
2558 4371540 74946 648
2580 4447134 75594 648
2602 4523376 76242 648
2624 4600266 76890 648
2646 4677804 77538 648
2668 4755990 78186 648
2690 4834824 78834 648
2712 4914306 79482 648
2734 4994436 80130 648
2756 5075214 80778 648
2778 5156640 81426 648
2800 5238714 82074 648
2822 5321436 82722 648
2844 5404806 83370 648
2866 5488824 84018 648
2888 5573490 84666 648
2910 5658804 85314 648
2932 5744766 85962 648
2954 5831376 86610 648
2976 5918634 87258 648
2998 6006540 87906 648
3020 6095094 88554 648
3042 6184296 89202 648
3064 6274146 89850 648
3086 6364644 90498 648
3108 6455790 91146 648
3130 6547584 91794 648
3152 6640026 92442 648
3174 6733116 93090 648
3196 6826854 93738 648
3218 6921240 94386 648
3240 7016274 95034 648
3262 7111956 95682 648
3284 7208286 96330 648
3306 7305264 96978 648
3328 7402890 97626 648
3350 7501164 98274 648
3372 7600086 98922 648
3394 7699656 99570 648
3416 7799874 100218 648
3438 7900740 100866 648
3460 8002254 101514 648
3482 8104416 102162 648
3504 8207226 102810 648
3526 8310684 103458 648
3548 8414790 104106 648
3570 8519544 104754 648
3592 8624946 105402 648
3614 8730996 106050 648
3636 8837694 106698 648
3658 8945040 107346 648
3680 9053034 107994 648
3702 9161676 108642 648
3724 9270966 109290 648
3746 9380904 109938 648
3768 9491490 110586 648
3790 9602724 111234 648
3812 9714606 111882 648
3834 9827136 112530 648
3856 9940314 113178 648
3878 10054140 113826 648
3900 10168614 114474 648
3922 10283736 115122 648
3944 10399506 115770 648
3966 10515924 116418 648
3988 10632990 117066 648
4010 10750704 117714 648
4032 10869066 118362 648
4054 10988076 119010 648
4076 11107734 119658 648
4098 11228040 120306 648
4120 11348994 120954 648
4142 11470596 121602 648
4164 11592846 122250 648
4186 11715744 122898 648
4208 11839290 123546 648
4230 11963484 124194 648
4252 12088326 124842 648
4274 12213816 125490 648
4296 12339954 126138 648
4318 12466740 126786 648
4340 12594174 127434 648
4362 12722256 128082 648
4384 12850986 128730 648
4406 12980364 129378 648
4428 13110390 130026 648
4450 13241064 130674 648
4472 13372386 131322 648
4494 13504356 131970 648
4516 13636974 132618 648
4538 13770240 133266 648
4560 13904154 133914 648
4582 14038716 134562 648
4604 14173926 135210 648
4626 14309784 135858 648
4648 14446290 136506 648
4670 14583444 137154 648
4692 14721246 137802 648
4714 14859696 138450 648
4736 14998794 139098 648
4758 15138540 139746 648
4780 15278934 140394 648
4802 15419976 141042 648
4824 15561666 141690 648
4846 15704004 142338 648
4868 15846990 142986 648
4890 15990624 143634 648
4912 16134906 144282 648
4934 16279836 144930 648
4956 16425414 145578 648
4978 16571640 146226 648
5000 16718514 146874 648
5022 16866036 147522 648
