6 9 9 9
28 395 386 377
50 1464 1069 683
72 3186 1722 653
94 5556 2370 648
116 8574 3018 648
6 -36
28 390
50 1464
72 3186
94 5556
116 8574
138 12240
160 16554
182 21516
204 27126
226 33384
248 40290
270 47844
292 56046
314 64896
336 74394
358 84540
380 95334
402 106776
424 118866
446 131604
468 144990
490 159024
512 173706
534 189036
556 205014
578 221640
600 238914
622 256836
644 275406
666 294624
688 314490
710 335004
732 356166
754 377976
776 400434
798 423540
820 447294
842 471696
864 496746
886 522444
908 548790
930 575784
952 603426
974 631716
996 660654
1018 690240
1040 720474
1062 751356
1084 782886
1106 815064
1128 847890
1150 881364
1172 915486
1194 950256
1216 985674
1238 1021740
1260 1058454
1282 1095816
1304 1133826
1326 1172484
1348 1211790
1370 1251744
1392 1292346
1414 1333596
1436 1375494
1458 1418040
1480 1461234
1502 1505076
1524 1549566
1546 1594704
1568 1640490
1590 1686924
1612 1734006
1634 1781736
1656 1830114
1678 1879140
1700 1928814
1722 1979136
1744 2030106
1766 2081724
1788 2133990
1810 2186904
1832 2240466
1854 2294676
1876 2349534
1898 2405040
1920 2461194
1942 2517996
1964 2575446
1986 2633544
2008 2692290
2030 2751684
2052 2811726
2074 2872416
2096 2933754
2118 2995740
2140 3058374
2162 3121656
2184 3185586
2206 3250164
2228 3315390
2250 3381264
2272 3447786
2294 3514956
2316 3582774
2338 3651240
2360 3720354
2382 3790116
2404 3860526
2426 3931584
2448 4003290
2470 4075644
2492 4148646
2514 4222296
2536 4296594
2558 4371540
2580 4447134
2602 4523376
2624 4600266
2646 4677804
2668 4755990
2690 4834824
2712 4914306
2734 4994436
2756 5075214
2778 5156640
2800 5238714
2822 5321436
2844 5404806
2866 5488824
2888 5573490
2910 5658804
2932 5744766
2954 5831376
2976 5918634
2998 6006540
3020 6095094
3042 6184296
3064 6274146
3086 6364644
3108 6455790
3130 6547584
3152 6640026
3174 6733116
3196 6826854
3218 6921240
3240 7016274
3262 7111956
3284 7208286
3306 7305264
3328 7402890
3350 7501164
3372 7600086
3394 7699656
3416 7799874
3438 7900740
3460 8002254
3482 8104416
3504 8207226
3526 8310684
3548 8414790
3570 8519544
3592 8624946
3614 8730996
3636 8837694
3658 8945040
3680 9053034
3702 9161676
3724 9270966
3746 9380904
3768 9491490
3790 9602724
3812 9714606
3834 9827136
3856 9940314
3878 10054140
3900 10168614
3922 10283736
3944 10399506
3966 10515924
3988 10632990
4010 10750704
4032 10869066
4054 10988076
4076 11107734
4098 11228040
4120 11348994
4142 11470596
4164 11592846
4186 11715744
4208 11839290
4230 11963484
4252 12088326
4274 12213816
4296 12339954
4318 12466740
4340 12594174
4362 12722256
4384 12850986
4406 12980364
4428 13110390
4450 13241064
4472 13372386
4494 13504356
4516 13636974
4538 13770240
4560 13904154
4582 14038716
4604 14173926
4626 14309784
4648 14446290
4670 14583444
4692 14721246
4714 14859696
4736 14998794
4758 15138540
4780 15278934
4802 15419976
4824 15561666
4846 15704004
4868 15846990
4890 15990624
4912 16134906
4934 16279836
4956 16425414
4978 16571640
5000 16718514
5022 16866036
5044 17014206
5066 17163024
5088 17312490
5110 17462604
5132 17613366
5154 17764776
5176 17916834
5198 18069540
5220 18222894
5242 18376896
5264 18531546
5286 18686844
5308 18842790
5330 18999384
5352 19156626
5374 19314516
5396 19473054
5418 19632240
5440 19792074
5462 19952556
5484 20113686
5506 20275464
5528 20437890
5550 20600964
5572 20764686
5594 20929056
5616 21094074
5638 21259740
5660 21426054
5682 21593016
5704 21760626
5726 21928884
5748 22097790
5770 22267344
5792 22437546
5814 22608396
5836 22779894
5858 22952040
5880 23124834
5902 23298276
5924 23472366
5946 23647104
5968 23822490
5990 23998524
6012 24175206
6034 24352536
6056 24530514
6078 24709140
6100 24888414
6122 25068336
6144 25248906
6166 25430124
6188 25611990
6210 25794504
6232 25977666
6254 26161476
6276 26345934
6298 26531040
6320 26716794
6342 26903196
6364 27090246
6386 27277944
6408 27466290
6430 27655284
6452 27844926
6474 28035216
6496 28226154
6518 28417740
6540 28609974
6562 28802856
6584 28996386
6606 29190564
6628 29385390
6650 29580864
6672 29776986
6694 29973756
6716 30171174
6738 30369240
6760 30567954
6782 30767316
6804 30967326
6826 31167984
6848 31369290
6870 31571244
6892 31773846
6914 31977096
6936 32180994
6958 32385540
6980 32590734
7002 32796576
7024 33003066
7046 33210204
7068 33417990
7090 33626424
7112 33835506
7134 34045236
7156 34255614
7178 34466640
7200 34678314
7222 34890636
7244 35103606
7266 35317224
7288 35531490
7310 35746404
7332 35961966
7354 36178176
7376 36395034
7398 36612540
7420 36830694
7442 37049496
7464 37268946
7486 37489044
7508 37709790
7530 37931184
7552 38153226
7574 38375916
7596 38599254
7618 38823240
7640 39047874
7662 39273156
7684 39499086
7706 39725664
7728 39952890
7750 40180764
7772 40409286
7794 40638456
7816 40868274
7838 41098740
7860 41329854
7882 41561616
7904 41794026
7926 42027084
7948 42260790
7970 42495144
7992 42730146
8014 42965796
8036 43202094
8058 43439040
8080 43676634
8102 43914876
8124 44153766
8146 44393304
8168 44633490
8190 44874324
8212 45115806
8234 45357936
8256 45600714
8278 45844140
8300 46088214
8322 46332936
8344 46578306
8366 46824324
8388 47070990
8410 47318304
8432 47566266
8454 47814876
8476 48064134
8498 48314040
8520 48564594
8542 48815796
8564 49067646
8586 49320144
8608 49573290
8630 49827084
8652 50081526
8674 50336616
8696 50592354
8718 50848740
8740 51105774
8762 51363456
8784 51621786
8806 51880764
8828 52140390
8850 52400664
8872 52661586
8894 52923156
8916 53185374
8938 53448240
8960 53711754
8982 53975916
9004 54240726
9026 54506184
9048 54772290
9070 55039044
9092 55306446
9114 55574496
9136 55843194
9158 56112540
9180 56382534
9202 56653176
9224 56924466
9246 57196404
9268 57468990
9290 57742224
9312 58016106
9334 58290636
9356 58565814
9378 58841640
9400 59118114
9422 59395236
9444 59673006
9466 59951424
9488 60230490
9510 60510204
9532 60790566
9554 61071576
9576 61353234
9598 61635540
9620 61918494
9642 62202096
9664 62486346
9686 62771244
9708 63056790
9730 63342984
9752 63629826
9774 63917316
9796 64205454
9818 64494240
9840 64783674
9862 65073756
9884 65364486
9906 65655864
9928 65947890
9950 66240564
9972 66533886
9994 66827856
10016 67122474
10038 67417740
10060 67713654
10082 68010216
10104 68307426
10126 68605284
10148 68903790
10170 69202944
10192 69502746
10214 69803196
10236 70104294
10258 70406040
10280 70708434
10302 71011476
10324 71315166
10346 71619504
10368 71924490
10390 72230124
10412 72536406
10434 72843336
10456 73150914
10478 73459140
10500 73768014
10522 74077536
10544 74387706
10566 74698524
10588 75009990
10610 75322104
10632 75634866
10654 75948276
10676 76262334
10698 76577040
10720 76892394
10742 77208396
10764 77525046
10786 77842344
10808 78160290
10830 78478884
10852 78798126
10874 79118016
10896 79438554
10918 79759740
10940 80081574
10962 80404056
10984 80727186
11006 81050964
11028 81375390
11050 81700464
11072 82026186
11094 82352556
11116 82679574
11138 83007240
11160 83335554
11182 83664516
11204 83994126
11226 84324384
11248 84655290
11270 84986844
11292 85319046
11314 85651896
11336 85985394
11358 86319540
11380 86654334
11402 86989776
11424 87325866
11446 87662604
11468 87999990
11490 88338024
11512 88676706
11534 89016036
11556 89356014
11578 89696640
11600 90037914
11622 90379836
11644 90722406
11666 91065624
11688 91409490
11710 91754004
11732 92099166
11754 92444976
11776 92791434
11798 93138540
11820 93486294
11842 93834696
11864 94183746
11886 94533444
11908 94883790
11930 95234784
11952 95586426
11974 95938716
11996 96291654
12018 96645240
12040 96999474
12062 97354356
12084 97709886
12106 98066064
12128 98422890
12150 98780364
12172 99138486
12194 99497256
12216 99856674
12238 100216740
12260 100577454
12282 100938816
12304 101300826
12326 101663484
12348 102026790
12370 102390744
12392 102755346
12414 103120596
12436 103486494
12458 103853040
12480 104220234
12502 104588076
12524 104956566
12546 105325704
12568 105695490
12590 106065924
12612 106437006
12634 106808736
12656 107181114
12678 107554140
12700 107927814
12722 108302136
12744 108677106
12766 109052724
12788 109428990
12810 109805904
12832 110183466
12854 110561676
12876 110940534
12898 111320040
12920 111700194
12942 112080996
12964 112462446
12986 112844544
13008 113227290
13030 113610684
13052 113994726
13074 114379416
13096 114764754
13118 115150740
13140 115537374
13162 115924656
13184 116312586
13206 116701164
13228 117090390
13250 117480264
13272 117870786
13294 118261956
13316 118653774
13338 119046240
13360 119439354
13382 119833116
13404 120227526
13426 120622584
13448 121018290
13470 121414644
13492 121811646
13514 122209296
13536 122607594
13558 123006540
13580 123406134
13602 123806376
13624 124207266
13646 124608804
13668 125010990
13690 125413824
13712 125817306
13734 126221436
13756 126626214
13778 127031640
13800 127437714
13822 127844436
13844 128251806
13866 128659824
13888 129068490
13910 129477804
13932 129887766
13954 130298376
13976 130709634
13998 131121540
14020 131534094
14042 131947296
14064 132361146
14086 132775644
14108 133190790
14130 133606584
14152 134023026
14174 134440116
14196 134857854
14218 135276240
14240 135695274
14262 136114956
14284 136535286
14306 136956264
14328 137377890
14350 137800164
14372 138223086
14394 138646656
14416 139070874
14438 139495740
14460 139921254
14482 140347416
14504 140774226
14526 141201684
14548 141629790
14570 142058544
14592 142487946
14614 142917996
14636 143348694
14658 143780040
14680 144212034
14702 144644676
14724 145077966
14746 145511904
14768 145946490
14790 146381724
14812 146817606
14834 147254136
14856 147691314
14878 148129140
14900 148567614
14922 149006736
14944 149446506
14966 149886924
14988 150327990
15010 150769704
15032 151212066
15054 151655076
15076 152098734
15098 152543040
15120 152987994
15142 153433596
15164 153879846
15186 154326744
15208 154774290
15230 155222484
15252 155671326
15274 156120816
15296 156570954
15318 157021740
15340 157473174
15362 157925256
15384 158377986
15406 158831364
15428 159285390
15450 159740064
15472 160195386
15494 160651356
15516 161107974
15538 161565240
15560 162023154
15582 162481716
15604 162940926
15626 163400784
15648 163861290
15670 164322444
15692 164784246
15714 165246696
15736 165709794
15758 166173540
15780 166637934
15802 167102976
15824 167568666
15846 168035004
15868 168501990
15890 168969624
15912 169437906
15934 169906836
15956 170376414
15978 170846640
16000 171317514
16022 171789036
16044 172261206
16066 172734024
16088 173207490
16110 173681604
16132 174156366
16154 174631776
16176 175107834
16198 175584540
16220 176061894
16242 176539896
16264 177018546
16286 177497844
16308 177977790
16330 178458384
16352 178939626
16374 179421516
16396 179904054
16418 180387240
16440 180871074
16462 181355556
16484 181840686
16506 182326464
16528 182812890
16550 183299964
16572 183787686
16594 184276056
16616 184765074
16638 185254740
16660 185745054
16682 186236016
16704 186727626
16726 187219884
16748 187712790
16770 188206344
16792 188700546
16814 189195396
16836 189690894
16858 190187040
16880 190683834
16902 191181276
16924 191679366
16946 192178104
16968 192677490
16990 193177524
17012 193678206
17034 194179536
17056 194681514
17078 195184140
17100 195687414
17122 196191336
17144 196695906
17166 197201124
17188 197706990
17210 198213504
17232 198720666
17254 199228476
17276 199736934
17298 200246040
17320 200755794
17342 201266196
17364 201777246
17386 202288944
17408 202801290
17430 203314284
17452 203827926
17474 204342216
17496 204857154
17518 205372740
17540 205888974
17562 206405856
17584 206923386
17606 207441564
17628 207960390
17650 208479864
17672 208999986
17694 209520756
17716 210042174
17738 210564240
17760 211086954
17782 211610316
17804 212134326
17826 212658984
17848 213184290
17870 213710244
17892 214236846
17914 214764096
17936 215291994
17958 215820540
17980 216349734
18002 216879576
18024 217410066
18046 217941204
18068 218472990
18090 219005424
18112 219538506
18134 220072236
18156 220606614
18178 221141640
18200 221677314
18222 222213636
18244 222750606
18266 223288224
18288 223826490
18310 224365404
18332 224904966
18354 225445176
18376 225986034
18398 226527540
18420 227069694
18442 227612496
18464 228155946
18486 228700044
18508 229244790
18530 229790184
18552 230336226
18574 230882916
18596 231430254
18618 231978240
18640 232526874
18662 233076156
18684 233626086
18706 234176664
18728 234727890
18750 235279764
18772 235832286
18794 236385456
18816 236939274
18838 237493740
18860 238048854
18882 238604616
18904 239161026
18926 239718084
18948 240275790
18970 240834144
18992 241393146
19014 241952796
19036 242513094
19058 243074040
19080 243635634
19102 244197876
19124 244760766
19146 245324304
19168 245888490
19190 246453324
19212 247018806
19234 247584936
19256 248151714
19278 248719140
19300 249287214
19322 249855936
19344 250425306
19366 250995324
19388 251565990
19410 252137304
19432 252709266
19454 253281876
19476 253855134
19498 254429040
19520 255003594
19542 255578796
19564 256154646
19586 256731144
19608 257308290
19630 257886084
19652 258464526
19674 259043616
19696 259623354
19718 260203740
19740 260784774
19762 261366456
19784 261948786
19806 262531764
19828 263115390
19850 263699664
19872 264284586
19894 264870156
19916 265456374
19938 266043240
19960 266630754
19982 267218916
20004 267807726
20026 268397184
20048 268987290
20070 269578044
20092 270169446
20114 270761496
20136 271354194
20158 271947540
20180 272541534
20202 273136176
20224 273731466
20246 274327404
20268 274923990
20290 275521224
20312 276119106
20334 276717636
20356 277316814
20378 277916640
20400 278517114
20422 279118236
20444 279720006
20466 280322424
20488 280925490
20510 281529204
20532 282133566
20554 282738576
20576 283344234
20598 283950540
20620 284557494
20642 285165096
20664 285773346
20686 286382244
20708 286991790
20730 287601984
20752 288212826
20774 288824316
20796 289436454
20818 290049240
20840 290662674
20862 291276756
20884 291891486
20906 292506864
20928 293122890
20950 293739564
20972 294356886
20994 294974856
21016 295593474
21038 296212740
21060 296832654
21082 297453216
21104 298074426
21126 298696284
21148 299318790
21170 299941944
21192 300565746
21214 301190196
21236 301815294
21258 302441040
21280 303067434
21302 303694476
21324 304322166
21346 304950504
21368 305579490
21390 306209124
21412 306839406
21434 307470336
21456 308101914
21478 308734140
21500 309367014
21522 310000536
21544 310634706
21566 311269524
21588 311904990
21610 312541104
21632 313177866
21654 313815276
21676 314453334
21698 315092040
21720 315731394
21742 316371396
21764 317012046
21786 317653344
21808 318295290
21830 318937884
21852 319581126
21874 320225016
21896 320869554
21918 321514740
21940 322160574
21962 322807056
21984 323454186
22006 324101964
22028 324750390
22050 325399464
22072 326049186
22094 326699556
22116 327350574
22138 328002240
22160 328654554
22182 329307516
22204 329961126
22226 330615384
22248 331270290
22270 331925844
22292 332582046
22314 333238896
22336 333896394
22358 334554540
22380 335213334
22402 335872776
22424 336532866
22446 337193604
22468 337854990
22490 338517024
22512 339179706
22534 339843036
22556 340507014
22578 341171640
22600 341836914
22622 342502836
22644 343169406
22666 343836624
22688 344504490
22710 345173004
22732 345842166
22754 346511976
22776 347182434
22798 347853540
22820 348525294
22842 349197696
22864 349870746
22886 350544444
22908 351218790
22930 351893784
22952 352569426
22974 353245716
22996 353922654
23018 354600240
23040 355278474
23062 355957356
23084 356636886
23106 357317064
23128 357997890
23150 358679364
23172 359361486
23194 360044256
23216 360727674
23238 361411740
23260 362096454
23282 362781816
23304 363467826
23326 364154484
23348 364841790
23370 365529744
23392 366218346
23414 366907596
23436 367597494
23458 368288040
23480 368979234
23502 369671076
23524 370363566
23546 371056704
23568 371750490
23590 372444924
23612 373140006
23634 373835736
23656 374532114
23678 375229140
23700 375926814
23722 376625136
23744 377324106
23766 378023724
23788 378723990
23810 379424904
23832 380126466
23854 380828676
23876 381531534
23898 382235040
23920 382939194
23942 383643996
23964 384349446
23986 385055544
24008 385762290
24030 386469684
24052 387177726
24074 387886416
24096 388595754
24118 389305740
24140 390016374
24162 390727656
24184 391439586
24206 392152164
24228 392865390
24250 393579264
24272 394293786
24294 395008956
24316 395724774
24338 396441240
24360 397158354
24382 397876116
24404 398594526
24426 399313584
24448 400033290
24470 400753644
24492 401474646
24514 402196296
24536 402918594
24558 403641540
24580 404365134
24602 405089376
24624 405814266
24646 406539804
24668 407265990
24690 407992824
24712 408720306
24734 409448436
24756 410177214
24778 410906640
24800 411636714
24822 412367436
24844 413098806
24866 413830824
24888 414563490
24910 415296804
24932 416030766
24954 416765376
24976 417500634
24998 418236540
25020 418973094
25042 419710296
25064 420448146
25086 421186644
25108 421925790
25130 422665584
25152 423406026
25174 424147116
25196 424888854
25218 425631240
25240 426374274
25262 427117956
25284 427862286
25306 428607264
25328 429352890
25350 430099164
25372 430846086
25394 431593656
25416 432341874
25438 433090740
25460 433840254
25482 434590416
25504 435341226
25526 436092684
25548 436844790
25570 437597544
25592 438350946
25614 439104996
25636 439859694
25658 440615040
25680 441371034
25702 442127676
25724 442884966
25746 443642904
25768 444401490
25790 445160724
25812 445920606
25834 446681136
25856 447442314
25878 448204140
25900 448966614
25922 449729736
25944 450493506
25966 451257924
25988 452022990
26010 452788704
26032 453555066
26054 454322076
26076 455089734
26098 455858040
26120 456626994
26142 457396596
26164 458166846
26186 458937744
26208 459709290
26230 460481484
26252 461254326
26274 462027816
26296 462801954
26318 463576740
26340 464352174
26362 465128256
26384 465904986
26406 466682364
26428 467460390
26450 468239064
26472 469018386
26494 469798356
26516 470578974
26538 471360240
26560 472142154
26582 472924716
26604 473707926
26626 474491784
26648 475276290
26670 476061444
26692 476847246
26714 477633696
26736 478420794
26758 479208540
26780 479996934
26802 480785976
26824 481575666
26846 482366004
26868 483156990
26890 483948624
26912 484740906
26934 485533836
26956 486327414
26978 487121640
27000 487916514
27022 488712036
27044 489508206
27066 490305024
27088 491102490
27110 491900604
27132 492699366
27154 493498776
27176 494298834
27198 495099540
27220 495900894
27242 496702896
27264 497505546
27286 498308844
27308 499112790
27330 499917384
27352 500722626
27374 501528516
27396 502335054
27418 503142240
27440 503950074
27462 504758556
27484 505567686
27506 506377464
27528 507187890
27550 507998964
27572 508810686
27594 509623056
27616 510436074
27638 511249740
27660 512064054
27682 512879016
27704 513694626
27726 514510884
27748 515327790
27770 516145344
27792 516963546
27814 517782396
27836 518601894
27858 519422040
27880 520242834
27902 521064276
27924 521886366
27946 522709104
27968 523532490
27990 524356524
28012 525181206
28034 526006536
28056 526832514
28078 527659140
28100 528486414
28122 529314336
28144 530142906
28166 530972124
28188 531801990
28210 532632504
28232 533463666
28254 534295476
28276 535127934
28298 535961040
28320 536794794
28342 537629196
28364 538464246
28386 539299944
28408 540136290
28430 540973284
28452 541810926
28474 542649216
28496 543488154
28518 544327740
28540 545167974
28562 546008856
28584 546850386
28606 547692564
28628 548535390
28650 549378864
28672 550222986
28694 551067756
28716 551913174
28738 552759240
28760 553605954
28782 554453316
28804 555301326
28826 556149984
28848 556999290
28870 557849244
28892 558699846
28914 559551096
28936 560402994
28958 561255540
28980 562108734
29002 562962576
29024 563817066
29046 564672204
29068 565527990
29090 566384424
29112 567241506
29134 568099236
29156 568957614
29178 569816640
29200 570676314
29222 571536636
29244 572397606
29266 573259224
29288 574121490
29310 574984404
29332 575847966
29354 576712176
29376 577577034
29398 578442540
29420 579308694
29442 580175496
29464 581042946
29486 581911044
29508 582779790
29530 583649184
29552 584519226
29574 585389916
29596 586261254
29618 587133240
29640 588005874
29662 588879156
29684 589753086
29706 590627664
29728 591502890
29750 592378764
29772 593255286
29794 594132456
29816 595010274
29838 595888740
29860 596767854
29882 597647616
29904 598528026
29926 599409084
29948 600290790
29970 601173144
29992 602056146
30014 602939796
30036 603824094
30058 604709040
30080 605594634
30102 606480876
30124 607367766
30146 608255304
30168 609143490
30190 610032324
30212 610921806
30234 611811936
30256 612702714
30278 613594140
30300 614486214
30322 615378936
30344 616272306
30366 617166324
30388 618060990
30410 618956304
30432 619852266
30454 620748876
30476 621646134
30498 622544040
30520 623442594
30542 624341796
30564 625241646
30586 626142144
30608 627043290
30630 627945084
30652 628847526
30674 629750616
30696 630654354
30718 631558740
30740 632463774
30762 633369456
30784 634275786
30806 635182764
30828 636090390
30850 636998664
30872 637907586
30894 638817156
30916 639727374
30938 640638240
30960 641549754
30982 642461916
31004 643374726
31026 644288184
31048 645202290
31070 646117044
31092 647032446
31114 647948496
31136 648865194
31158 649782540
31180 650700534
31202 651619176
31224 652538466
31246 653458404
31268 654378990
31290 655300224
31312 656222106
31334 657144636
31356 658067814
31378 658991640
31400 659916114
31422 660841236
31444 661767006
31466 662693424
31488 663620490
31510 664548204
31532 665476566
31554 666405576
31576 667335234
31598 668265540
31620 669196494
31642 670128096
31664 671060346
31686 671993244
31708 672926790
31730 673860984
31752 674795826
31774 675731316
31796 676667454
31818 677604240
31840 678541674
31862 679479756
31884 680418486
31906 681357864
31928 682297890
31950 683238564
31972 684179886
31994 685121856
32016 686064474
32038 687007740
32060 687951654
32082 688896216
32104 689841426
32126 690787284
32148 691733790
32170 692680944
32192 693628746
32214 694577196
32236 695526294
32258 696476040
32280 697426434
32302 698377476
32324 699329166
32346 700281504
32368 701234490
32390 702188124
32412 703142406
32434 704097336
32456 705052914
32478 706009140
32500 706966014
32522 707923536
32544 708881706
32566 709840524
32588 710799990
32610 711760104
32632 712720866
32654 713682276
32676 714644334
32698 715607040
32720 716570394
32742 717534396
32764 718499046
32786 719464344
32808 720430290
32830 721396884
32852 722364126
32874 723332016
32896 724300554
32918 725269740
32940 726239574
32962 727210056
32984 728181186
33006 729152964
33028 730125390
33050 731098464
33072 732072186
33094 733046556
33116 734021574
33138 734997240
33160 735973554
33182 736950516
33204 737928126
33226 738906384
33248 739885290
33270 740864844
33292 741845046
33314 742825896
33336 743807394
33358 744789540
33380 745772334
33402 746755776
33424 747739866
33446 748724604
33468 749709990
33490 750696024
33512 751682706
33534 752670036
33556 753658014
33578 754646640
33600 755635914
33622 756625836
33644 757616406
33666 758607624
33688 759599490
33710 760592004
33732 761585166
33754 762578976
33776 763573434
33798 764568540
33820 765564294
33842 766560696
33864 767557746
33886 768555444
33908 769553790
33930 770552784
33952 771552426
33974 772552716
33996 773553654
34018 774555240
34040 775557474
34062 776560356
34084 777563886
34106 778568064
34128 779572890
34150 780578364
34172 781584486
34194 782591256
34216 783598674
34238 784606740
34260 785615454
34282 786624816
34304 787634826
34326 788645484
34348 789656790
34370 790668744
34392 791681346
34414 792694596
34436 793708494
34458 794723040
34480 795738234
34502 796754076
34524 797770566
34546 798787704
34568 799805490
34590 800823924
34612 801843006
34634 802862736
34656 803883114
34678 804904140
34700 805925814
34722 806948136
34744 807971106
34766 808994724
34788 810018990
34810 811043904
34832 812069466
34854 813095676
34876 814122534
34898 815150040
34920 816178194
34942 817206996
34964 818236446
34986 819266544
35008 820297290
35030 821328684
35052 822360726
35074 823393416
35096 824426754
35118 825460740
35140 826495374
35162 827530656
35184 828566586
35206 829603164
35228 830640390
35250 831678264
35272 832716786
35294 833755956
35316 834795774
35338 835836240
35360 836877354
35382 837919116
35404 838961526
35426 840004584
35448 841048290
35470 842092644
35492 843137646
35514 844183296
35536 845229594
35558 846276540
35580 847324134
35602 848372376
35624 849421266
35646 850470804
35668 851520990
35690 852571824
35712 853623306
35734 854675436
35756 855728214
35778 856781640
35800 857835714
35822 858890436
35844 859945806
35866 861001824
35888 862058490
35910 863115804
35932 864173766
35954 865232376
35976 866291634
35998 867351540
36020 868412094
36042 869473296
36064 870535146
36086 871597644
36108 872660790
36130 873724584
36152 874789026
36174 875854116
36196 876919854
36218 877986240
36240 879053274
36262 880120956
36284 881189286
36306 882258264
36328 883327890
36350 884398164
36372 885469086
36394 886540656
36416 887612874
36438 888685740
36460 889759254
36482 890833416
36504 891908226
36526 892983684
36548 894059790
36570 895136544
36592 896213946
36614 897291996
36636 898370694
36658 899450040
36680 900530034
36702 901610676
36724 902691966
36746 903773904
36768 904856490
36790 905939724
36812 907023606
36834 908108136
36856 909193314
36878 910279140
36900 911365614
36922 912452736
36944 913540506
36966 914628924
36988 915717990
37010 916807704
37032 917898066
37054 918989076
37076 920080734
37098 921173040
37120 922265994
37142 923359596
37164 924453846
37186 925548744
37208 926644290
37230 927740484
37252 928837326
37274 929934816
37296 931032954
37318 932131740
37340 933231174
37362 934331256
37384 935431986
37406 936533364
37428 937635390
37450 938738064
37472 939841386
37494 940945356
37516 942049974
37538 943155240
37560 944261154
37582 945367716
37604 946474926
37626 947582784
37648 948691290
37670 949800444
37692 950910246
37714 952020696
37736 953131794
37758 954243540
37780 955355934
37802 956468976
37824 957582666
37846 958697004
37868 959811990
37890 960927624
37912 962043906
37934 963160836
37956 964278414
37978 965396640
38000 966515514
38022 967635036
38044 968755206
38066 969876024
38088 970997490
38110 972119604
38132 973242366
38154 974365776
38176 975489834
38198 976614540
38220 977739894
38242 978865896
38264 979992546
38286 981119844
38308 982247790
38330 983376384
38352 984505626
38374 985635516
38396 986766054
38418 987897240
38440 989029074
38462 990161556
38484 991294686
38506 992428464
38528 993562890
38550 994697964
38572 995833686
38594 996970056
38616 998107074
38638 999244740
38660 1000383054
38682 1001522016
38704 1002661626
38726 1003801884
38748 1004942790
38770 1006084344
38792 1007226546
38814 1008369396
38836 1009512894
38858 1010657040
38880 1011801834
38902 1012947276
38924 1014093366
38946 1015240104
38968 1016387490
38990 1017535524
39012 1018684206
39034 1019833536
39056 1020983514
39078 1022134140
39100 1023285414
39122 1024437336
39144 1025589906
39166 1026743124
39188 1027896990
39210 1029051504
39232 1030206666
39254 1031362476
39276 1032518934
39298 1033676040
39320 1034833794
39342 1035992196
39364 1037151246
39386 1038310944
39408 1039471290
39430 1040632284
39452 1041793926
39474 1042956216
39496 1044119154
39518 1045282740
39540 1046446974
39562 1047611856
39584 1048777386
39606 1049943564
39628 1051110390
39650 1052277864
39672 1053445986
39694 1054614756
39716 1055784174
39738 1056954240
39760 1058124954
39782 1059296316
39804 1060468326
39826 1061640984
39848 1062814290
39870 1063988244
39892 1065162846
39914 1066338096
39936 1067513994
39958 1068690540
39980 1069867734
40002 1071045576
40024 1072224066
40046 1073403204
40068 1074582990
40090 1075763424
40112 1076944506
40134 1078126236
40156 1079308614
40178 1080491640
40200 1081675314
40222 1082859636
40244 1084044606
40266 1085230224
40288 1086416490
40310 1087603404
40332 1088790966
40354 1089979176
40376 1091168034
40398 1092357540
40420 1093547694
40442 1094738496
40464 1095929946
40486 1097122044
40508 1098314790
40530 1099508184
40552 1100702226
40574 1101896916
40596 1103092254
40618 1104288240
40640 1105484874
40662 1106682156
40684 1107880086
40706 1109078664
40728 1110277890
40750 1111477764
40772 1112678286
40794 1113879456
40816 1115081274
40838 1116283740
40860 1117486854
40882 1118690616
40904 1119895026
40926 1121100084
40948 1122305790
40970 1123512144
40992 1124719146
41014 1125926796
41036 1127135094
41058 1128344040
41080 1129553634
41102 1130763876
41124 1131974766
41146 1133186304
41168 1134398490
41190 1135611324
41212 1136824806
41234 1138038936
41256 1139253714
41278 1140469140
41300 1141685214
41322 1142901936
41344 1144119306
41366 1145337324
41388 1146555990
41410 1147775304
41432 1148995266
41454 1150215876
41476 1151437134
41498 1152659040
41520 1153881594
41542 1155104796
41564 1156328646
41586 1157553144
41608 1158778290
41630 1160004084
41652 1161230526
41674 1162457616
41696 1163685354
41718 1164913740
41740 1166142774
41762 1167372456
41784 1168602786
41806 1169833764
41828 1171065390
41850 1172297664
41872 1173530586
41894 1174764156
41916 1175998374
41938 1177233240
41960 1178468754
41982 1179704916
42004 1180941726
42026 1182179184
42048 1183417290
42070 1184656044
42092 1185895446
42114 1187135496
42136 1188376194
42158 1189617540
42180 1190859534
42202 1192102176
42224 1193345466
42246 1194589404
42268 1195833990
42290 1197079224
42312 1198325106
42334 1199571636
42356 1200818814
42378 1202066640
42400 1203315114
42422 1204564236
42444 1205814006
42466 1207064424
42488 1208315490
42510 1209567204
42532 1210819566
42554 1212072576
42576 1213326234
42598 1214580540
42620 1215835494
42642 1217091096
42664 1218347346
42686 1219604244
42708 1220861790
42730 1222119984
42752 1223378826
42774 1224638316
42796 1225898454
42818 1227159240
42840 1228420674
42862 1229682756
42884 1230945486
42906 1232208864
42928 1233472890
42950 1234737564
42972 1236002886
42994 1237268856
43016 1238535474
43038 1239802740
43060 1241070654
43082 1242339216
43104 1243608426
43126 1244878284
43148 1246148790
43170 1247419944
43192 1248691746
43214 1249964196
43236 1251237294
43258 1252511040
43280 1253785434
43302 1255060476
43324 1256336166
43346 1257612504
43368 1258889490
43390 1260167124
43412 1261445406
43434 1262724336
43456 1264003914
43478 1265284140
43500 1266565014
43522 1267846536
43544 1269128706
43566 1270411524
43588 1271694990
43610 1272979104
43632 1274263866
43654 1275549276
43676 1276835334
43698 1278122040
43720 1279409394
43742 1280697396
43764 1281986046
43786 1283275344
43808 1284565290
43830 1285855884
43852 1287147126
43874 1288439016
43896 1289731554
43918 1291024740
43940 1292318574
43962 1293613056
43984 1294908186
44006 1296203964
44028 1297500390
44050 1298797464
44072 1300095186
44094 1301393556
2448 4003290
